DOI: 10.1002/j.1460-2075.1987.tb02595.x
TEMPERATURE: 298
MOLAR_FRACTIONS:
  POPC: 0.78974359
  POPE: 0.210256410256
ION_CONCENTRATIONS:
  POT: 0
  SOD: 0
  CLA: 0
  CAL: 0
TOTAL_LIPID_CONCENTRATION: "full hydration"
COUNTER_IONS:
